401408
3211264
602112
8192
802816
802816
3211264
802816
802816
802816
802816
3211264
3211264
802816
802816
3211264
3211264
802816
802816
3211264
802816
802816
3211264
3211264
802816
802816
3211264
1605632
401408
1605632
3211264
1605632
401408
3211264
1605632
1605632
401408
401408
1605632
1605632
401408
401408
1605632
401408
401408
1605632
1605632
401408
401408
1605632
401408
401408
1605632
1605632
401408
401408
1605632
802816
200704
802816
1605632
802816
200704
1605632
802816
802816
200704
200704
802816
802816
200704
200704
802816
200704
200704
802816
802816
200704
200704
802816
200704
200704
802816
802816
200704
200704
802816
200704
200704
802816
802816
200704
200704
802816
200704
200704
802816
802816
200704
200704
802816
200704
200704
802816
802816
200704
200704
802816
200704
200704
802816
802816
200704
200704
802816
200704
200704
802816
802816
200704
200704
802816
200704
200704
802816
802816
200704
200704
802816
200704
200704
802816
802816
200704
200704
802816
200704
200704
802816
802816
200704
200704
802816
200704
200704
802816
802816
200704
200704
802816
200704
200704
802816
802816
200704
200704
802816
200704
200704
802816
802816
200704
200704
802816
200704
200704
802816
802816
200704
200704
802816
200704
200704
802816
802816
200704
200704
802816
200704
200704
802816
802816
200704
200704
802816
200704
200704
802816
802816
200704
200704
802816
200704
200704
802816
802816
200704
200704
802816
200704
200704
802816
802816
200704
200704
802816
200704
200704
802816
802816
200704
200704
802816
200704
200704
802816
802816
200704
200704
802816
401408
100352
401408
802816
401408
100352
802816
401408
401408
100352
100352
401408
401408
100352
100352
401408
100352
100352
401408
401408
100352
100352
401408
3211264
3211264
