0.137663
0.159121
0.755024
0.045776
0.098848
0.076008
0.127840
0.524902
0.630045
0.700617
0.691986
0.124264
0.095193
0.153875
0.076294
0.100136
0.600910
0.693941
0.538254
0.091473
0.103331
0.092983
0.100088
0.562572
0.692272
0.537634
0.068347
0.135136
0.077915
0.110817
0.806713
0.685406
0.654840
0.801182
0.110054
0.073004
0.076056
0.077152
0.127316
0.475359
0.616217
0.480270
0.068426
0.080156
0.074768
0.104284
0.496101
0.577974
0.514078
0.068887
0.080585
0.072718
0.109720
0.480747
0.604916
0.520182
0.085195
0.081730
0.094557
0.094891
0.652313
0.748968
0.594568
0.779915
0.109053
0.068680
0.082302
0.078106
0.092363
0.516367
0.679207
0.527430
0.061846
0.078058
0.074482
0.109863
0.478315
0.656748
0.518131
0.059954
0.080442
0.074100
0.089598
0.501490
0.610971
0.502348
0.058206
0.074577
0.086164
0.089169
0.457621
0.629520
0.512934
0.062100
0.077391
0.081778
0.087976
0.547934
0.625467
0.530434
0.058222
0.084686
0.077581
0.088120
0.532389
0.665569
0.525856
0.061893
0.075054
0.072527
0.080585
0.513744
0.622797
0.463772
0.060542
0.087738
0.080252
0.094128
0.514603
0.599098
0.510836
0.062005
0.080061
0.081873
0.094080
0.521469
0.697756
0.530005
0.075817
0.082970
0.072193
0.082827
0.518274
0.640059
0.502634
0.060304
0.082111
0.076294
0.086737
0.451756
0.670433
0.508976
0.059684
0.075579
0.081921
0.110006
0.493813
0.651503
0.538778
0.063992
0.078058
0.082397
0.086689
0.511026
0.689363
0.475311
0.062752
0.079966
0.078869
0.090504
0.474310
0.602102
0.475693
0.058619
0.088406
0.076103
0.095940
0.437975
0.587893
0.446033
0.057936
0.084114
0.097847
0.090647
0.609446
0.697994
0.549269
0.062482
0.081348
0.087976
0.106239
0.612879
0.652599
0.629807
0.082239
0.132179
0.091934
0.151682
0.680113
0.726271
0.672674
0.071732
0.099182
0.076866
0.116777
0.493670
0.614643
0.599003
0.070524
0.080681
0.072479
0.100183
0.544310
0.627661
0.476456
0.058397
0.083017
0.132465
0.098848
0.481796
0.643444
0.576878
0.068792
0.094748
0.081825
0.103951
0.584221
0.637245
0.527668
0.070206
0.079536
0.094843
0.109768
0.638294
1.030731
0.719166
1.208925
0.101566
0.045935
0.084686
0.084257
0.087881
0.800133
0.893927
0.629902
0.030168
0.088739
0.077057
0.085688
0.666857
0.804758
0.680017
0.028849
0.658989
0.108624
