Index Layer                Input Size                Runtime (ms)   
----------------------------------------------------------------------
1     conv1                [1, 3, 224, 224]          5.9109         
2     bn1                  [1, 64, 112, 112]         0.4497         
3     relu                 [1, 64, 112, 112]         0.4110         
4     maxpool              [1, 64, 112, 112]         1.4799         
5     layer1_block1        [1, 64, 56, 56]           7.8280         
6     layer1_block2        [1, 256, 56, 56]          4.1435         
7     layer1_block3        [1, 256, 56, 56]          3.0918         
8     layer2_block1        [1, 256, 56, 56]          5.6682         
9     layer2_block2        [1, 512, 28, 28]          3.4907         
10    layer2_block3        [1, 512, 28, 28]          2.0533         
11    layer2_block4        [1, 512, 28, 28]          1.7803         
12    layer2_block5        [1, 512, 28, 28]          2.2147         
13    layer2_block6        [1, 512, 28, 28]          1.6136         
14    layer2_block7        [1, 512, 28, 28]          1.5864         
15    layer2_block8        [1, 512, 28, 28]          1.8003         
16    layer3_block1        [1, 512, 28, 28]          4.5018         
17    layer3_block2        [1, 1024, 14, 14]         2.3441         
18    layer3_block3        [1, 1024, 14, 14]         1.9231         
19    layer3_block4        [1, 1024, 14, 14]         3.5739         
20    layer3_block5        [1, 1024, 14, 14]         2.1193         
21    layer3_block6        [1, 1024, 14, 14]         1.6236         
22    layer3_block7        [1, 1024, 14, 14]         1.6778         
23    layer3_block8        [1, 1024, 14, 14]         1.9138         
24    layer3_block9        [1, 1024, 14, 14]         1.8985         
25    layer3_block10       [1, 1024, 14, 14]         1.7052         
26    layer3_block11       [1, 1024, 14, 14]         1.9271         
27    layer3_block12       [1, 1024, 14, 14]         2.7127         
28    layer3_block13       [1, 1024, 14, 14]         2.1825         
29    layer3_block14       [1, 1024, 14, 14]         2.5525         
30    layer3_block15       [1, 1024, 14, 14]         2.1770         
31    layer3_block16       [1, 1024, 14, 14]         1.7774         
32    layer3_block17       [1, 1024, 14, 14]         1.6685         
33    layer3_block18       [1, 1024, 14, 14]         1.8408         
34    layer3_block19       [1, 1024, 14, 14]         1.7030         
35    layer3_block20       [1, 1024, 14, 14]         1.8215         
36    layer3_block21       [1, 1024, 14, 14]         1.6725         
37    layer3_block22       [1, 1024, 14, 14]         1.6711         
38    layer3_block23       [1, 1024, 14, 14]         1.8072         
39    layer3_block24       [1, 1024, 14, 14]         1.6971         
40    layer3_block25       [1, 1024, 14, 14]         1.7118         
41    layer3_block26       [1, 1024, 14, 14]         1.6954         
42    layer3_block27       [1, 1024, 14, 14]         2.0378         
43    layer3_block28       [1, 1024, 14, 14]         1.7509         
44    layer3_block29       [1, 1024, 14, 14]         1.6642         
45    layer3_block30       [1, 1024, 14, 14]         1.8444         
46    layer3_block31       [1, 1024, 14, 14]         1.6668         
47    layer3_block32       [1, 1024, 14, 14]         1.7445         
48    layer3_block33       [1, 1024, 14, 14]         1.7185         
49    layer3_block34       [1, 1024, 14, 14]         1.6751         
50    layer3_block35       [1, 1024, 14, 14]         1.6947         
51    layer3_block36       [1, 1024, 14, 14]         2.2380         
52    layer4_block1        [1, 1024, 14, 14]         5.0793         
53    layer4_block2        [1, 2048, 7, 7]           2.5899         
54    layer4_block3        [1, 2048, 7, 7]           2.1329         
