Index Layer                     Input Size                Avg Runtime (ms)  
--------------------------------------------------------------------------------
1     conv1                     [1, 3, 224, 224]          0.9920
2     bn1                       [1, 64, 112, 112]         0.1370
3     relu                      [1, 64, 112, 112]         0.1068
4     maxpool                   [1, 64, 112, 112]         0.9533
5     layer1_block1             [1, 64, 56, 56]           2.8673
6     layer1_block2             [1, 256, 56, 56]          2.2103
7     layer1_block3             [1, 256, 56, 56]          1.8668
8     layer2_block1             [1, 256, 56, 56]          2.9349
9     layer2_block2             [1, 512, 28, 28]          1.8036
10    layer2_block3             [1, 512, 28, 28]          1.7954
11    layer2_block4             [1, 512, 28, 28]          1.8374
12    layer2_block5             [1, 512, 28, 28]          1.6684
13    layer2_block6             [1, 512, 28, 28]          1.7912
14    layer2_block7             [1, 512, 28, 28]          1.7542
15    layer2_block8             [1, 512, 28, 28]          1.8524
16    layer3_block1             [1, 512, 28, 28]          2.8176
17    layer3_block2             [1, 1024, 14, 14]         1.9162
18    layer3_block3             [1, 1024, 14, 14]         1.8119
19    layer3_block4             [1, 1024, 14, 14]         1.7791
20    layer3_block5             [1, 1024, 14, 14]         1.7822
21    layer3_block6             [1, 1024, 14, 14]         1.7638
22    layer3_block7             [1, 1024, 14, 14]         1.8676
23    layer3_block8             [1, 1024, 14, 14]         2.0133
24    layer3_block9             [1, 1024, 14, 14]         1.9512
25    layer3_block10            [1, 1024, 14, 14]         1.7981
26    layer3_block11            [1, 1024, 14, 14]         1.7524
27    layer3_block12            [1, 1024, 14, 14]         1.8191
28    layer3_block13            [1, 1024, 14, 14]         1.7858
29    layer3_block14            [1, 1024, 14, 14]         1.8691
30    layer3_block15            [1, 1024, 14, 14]         1.7972
31    layer3_block16            [1, 1024, 14, 14]         1.8032
32    layer3_block17            [1, 1024, 14, 14]         1.8598
33    layer3_block18            [1, 1024, 14, 14]         1.7490
34    layer3_block19            [1, 1024, 14, 14]         1.7620
35    layer3_block20            [1, 1024, 14, 14]         1.7312
36    layer3_block21            [1, 1024, 14, 14]         1.7061
37    layer3_block22            [1, 1024, 14, 14]         1.7591
38    layer3_block23            [1, 1024, 14, 14]         1.8159
39    layer3_block24            [1, 1024, 14, 14]         1.7616
40    layer3_block25            [1, 1024, 14, 14]         1.9104
41    layer3_block26            [1, 1024, 14, 14]         1.9297
42    layer3_block27            [1, 1024, 14, 14]         1.7913
43    layer3_block28            [1, 1024, 14, 14]         1.7675
44    layer3_block29            [1, 1024, 14, 14]         1.7178
45    layer3_block30            [1, 1024, 14, 14]         1.7832
46    layer3_block31            [1, 1024, 14, 14]         1.7344
47    layer3_block32            [1, 1024, 14, 14]         1.7368
48    layer3_block33            [1, 1024, 14, 14]         1.7515
49    layer3_block34            [1, 1024, 14, 14]         1.8580
50    layer3_block35            [1, 1024, 14, 14]         1.9776
51    layer3_block36            [1, 1024, 14, 14]         1.7735
52    layer4_block1             [1, 1024, 14, 14]         3.6422
53    layer4_block2             [1, 2048, 7, 7]           2.3549
54    layer4_block3             [1, 2048, 7, 7]           2.3033
