5.803735
4.858385
5.157620
7.727100
4.127585
4.211010
4.192670
4.018520
4.030325
4.134150
4.166830
4.103305
3.945190
4.150355
4.307490
4.158740
4.117875
4.074085
3.997450
4.086715
4.099190
4.109345
4.126605
4.027720
3.972180
3.990755
4.160730
7.393295
4.302855
4.333725
4.129150
4.034275
4.286755
4.261895
4.261115
4.241600
4.297395
4.211155
4.206345
4.284905
4.236755
4.240155
4.108975
4.067110
3.979840
4.060725
4.136340
4.176340
4.065555
4.281175
4.139260
4.118630
4.240505
4.123085
4.139875
4.135600
4.236325
4.154145
4.201145
4.356370
4.208230
4.344260
4.503725
10.389795
6.679325
6.389120
